79.73
187.80
198.77
221.19
230.14
263.70
297.27
330.83
80.10
76.77
113.66
147.22
180.79
230.14
263.70
297.27
330.83
14.96
125.89
136.86
159.28
168.23
202.75
237.26
271.78
15.32
12.00
49.84
84.36
118.88
168.23
202.75
237.26
271.78
10.51
33.59
72.83
101.01
124.09
163.32
202.56
241.79
281.03
320.26
33.59
30.27
72.83
124.09
163.32
202.56
241.79
281.03
320.26
64.03
106.33
124.70
143.06
159.41
194.70
229.99
265.27
300.56
64.03
60.71
99.32
159.41
194.70
229.99
265.27
300.56
335.84
14.96
134.40
145.36
167.78
176.73
214.09
251.44
288.79
15.32
12.00
52.67
90.03
127.38
176.73
214.09
251.44
288.79
15.32
60.25
71.21
86.58
102.93
233.30
256.38
294.65
15.32
12.00
53.59
103.29
141.56
179.83
218.11
256.38
294.65
51.04
86.77
103.70
122.07
144.48
157.84
229.30
265.03
281.97
292.93
315.35
324.30
51.04
50.67
86.77
157.84
193.57
229.30
228.94
265.03
324.30
360.03
12.00
46.74
75.13
90.81
125.55
144.61
160.29
195.03
229.78
12.00
12.00
46.74
90.81
90.81
125.55
160.29
160.29
195.03
229.78
28.41
43.78
52.73
85.81
118.88
151.96
185.03
251.18
52.73
68.90
85.81
118.88
151.96
185.03
201.20
218.11
251.18
284.26
63.48
95.97
128.46
160.95
189.13
207.50
223.85
256.34
288.83
321.32
51.25
63.12
95.97
128.46
160.95
211.62
223.49
256.34
288.83
321.32
12.00
34.58
57.16
79.74
102.32
124.90
147.48
170.06
192.64
264.90
12.00
28.17
57.16
102.32
147.48
192.64
208.81
228.77
264.90
301.03
24.23
45.81
67.40
88.99
110.57
132.16
153.75
177.41
201.08
235.62
270.15
12.00
23.87
67.40
110.57
153.75
188.85
200.72
235.62
270.15
304.69
51.25
127.92
138.88
161.30
170.25
229.75
289.25
355.77
374.13
398.55
414.90
474.40
51.25
67.42
110.75
170.25
229.75
289.25
305.42
348.75
414.90
474.40
10.51
28.88
45.23
100.91
156.59
212.28
240.46
258.82
275.17
330.86
386.54
442.22
45.23
61.40
100.91
156.59
212.28
275.17
291.34
330.86
386.54
442.22
50.67
135.60
146.57
168.99
177.94
305.20
401.58
412.55
423.51
432.46
50.67
66.84
114.31
177.94
241.57
305.20
321.37
368.83
432.46
496.10
12.00
70.22
105.37
128.45
186.67
244.90
303.12
361.35
12.00
12.00
70.22
128.45
128.45
186.67
244.90
244.90
303.12
361.35
